0 826 208 162 197 428 321 132 295 987 208 146 198 158 479 176 423 
1 826 208 162 197 429 322 122 297 986 208 146 198 148 486 183 412 
2 826 208 162 197 412 326 132 298 986 208 146 198 146 483 180 413 
3 826 208 162 197 400 327 140 296 986 208 146 198 146 485 180 411 
4 826 208 163 197 394 322 141 299 986 208 146 198 130 485 184 424 
5 826 208 163 197 986 208 146 198 380 312 130 314 121 497 192 414 
6 826 208 163 197 986 208 146 198 381 310 124 322 115 507 196 398 
7 826 208 162 198 986 207 146 198 383 314 120 327 110 519 197 384 
8 826 208 163 198 986 208 146 198 380 315 123 332 98 527 202 380 
9 826 208 163 198 986 208 146 198 381 316 120 332 92 526 205 386 
